4548141057
4548141062
4548141067
4548141073
1457872913
1159462933
4548141079
1159462937
4548141082
1457872927
5535137824
4548141087
5535137823
1159176227
1159176228
5535137829
5535137828
5535137834
5535137838
4449099823
1159462960
4449099824
4449099825
5535137840
5535137844
3541393462
3541393464
5535137848
1459929146
5535137850
5535137851
3541393470
4449099839
3541393472
3580182592
3541393471
4449099845
5535137862
5535137863
5535137867
5535137870
4449099855
5535137872
4449099857
5535137873
2726912083
4400595030
1457815639
4449099864
4400595034
2712272987
2726912093
2712272990
2726912095
2712272989
5529895009
5529895012
5529895014
5535137895
5535137896
5529895016
5535137898
5535137897
5535137899
5529895015
314654830
5535137904
5535137912
5535137913
5535137914
5535137915
5535137916
5535137917
5535137918
5535137920
1159225485
5514125485
1159176366
1159176368
5514125491
5514125492
1159504053
1159504057
5514125499
5514125500
5514125501
1159504060
5514125502
5514125506
5514125512
5514125513
1159155218
5514125515
5514125516
1159155219
1159143633
1159143637
1388445910
3633021144
3633021146
1507393760
1460306173
1458692371
1445519636
4295754005
1458692379
1458692381
1458692382
441221408
1458692386
441221413
314655016
314655017
4748173614
4748173617
4748173618
4748173619
4230611257
4230611259
4230611261
314655039
1845199170
4230611267
1845199172
4230611269
4521001284
4230611271
4521001283
5535138121
441221450
4230611275
2883191116
2883191117
441221454
4230611279
4230611280
4230611278
5535138130
5535138131
4230611281
5535138124
2211348822
441221463
5535138135
441221465
5535138136
441221468
2217746783
5535138144
5535138146
4393165156
4393165157
4393165158
2217746791
4393165159
2217746793
5535138148
2217746797
2217746798
2217746800
5535138160
5535138161
5535138163
5535138165
5535138166
441221495
3597820281
3597820283
5535138171
5535138172
1159176576
5535138176
1159225730
5535138179
5535138180
3693248901
3693248902
3693248903
5535138182
5535138183
5535138181
5535138187
1159225743
5535138191
5535138192
5535138196
4521034134
5535138199
5535138203
5535138205
5535138206
5535138209
5535138210
5535138213
5535138214
5535138216
5535138217
1908261290
1159176619
3562086828
1159176621
1159143854
1159143853
3562086829
5535138219
2041535225
1827955129
1827955130
3562086841
3562086843
1159160255
3562086848
3562086847
314655170
1756193219
2717786564
1159160259
1908261319
1756193224
1458037193
2717786570
1159455179
1458037196
529949133
529949134
5488370127
5488370125
1159143889
1756193230
1908261331
1459929556
5535133206
1908261346
5535133207
1159143909
1159143910
1492582891
1756176880
1908261363
1159512572
5535133212
1756176894
3523314177
4701577732
1159152134
3523314183
4701577736
1492615689
1908261386
1492615691
3523314186
1492615693
4701577738
1492615695
3523314192
4701577743
5133238793
4701577750
4701577753
1756176923
1908261403
4701577759
4701577761
4701577764
4701577767
4701577772
4701577775
4701577777
4549993011
1159176756
1159176757
1459003958
1459003959
5500903991
5500903993
5500903994
4701577780
5459472929
1159234110
2852225599
5500904000
4549993024
314614336
1159234118
1492615752
5500904010
5500904012
5500904013
5500904014
5500904016
5500904018
5500904019
5500904020
4549993045
314614358
5500904022
5500904024
5500904021
5500904026
5500904027
5500904029
5500904030
5500904031
5500904033
5500904034
5500904035
5500904036
3632988773
5500904038
314614375
5500904039
4782097001
3632988778
3632988779
4782097004
4782097003
4782097006
5500904044
3632988784
4782097009
1459913330
5500904048
4154147444
4782097012
3632988785
3632988786
3632988787
4782097014
5500904050
288416379
288416380
5535138122
5500904053
5500904063
288416384
1445511809
288416386
1445511810
1159234180
1159234181
4222812804
4222812807
4222812800
4222812805
3113656968
3113656970
4222812808
5500904075
288416398
288416399
4772463247
4772463248
5500904074
5500904083
5500904084
4222812820
2847752854
5500904078
2847752856
5500904088
2546074266
4222812826
4772463256
2546074269
4772463262
4222812831
4772463257
5500904097
5500904098
4549993123
4772463265
5500904101
4549993126
5500904103
5500904102
5500904105
5500904106
4772463270
4772463269
4772463268
5500904110
4772463277
4772463273
4772463276
1159176882
4772463281
5500904116
4772463283
4772463286
5500904119
5500904120
1159176888
4772463290
4772463288
4772463292
5500904118
4772463295
4772463296
4772463297
4772463298
4549993155
4772463299
314655429
4772463300
4772463301
1492607688
4772463304
4772463305
1458586315
1458586317
1159176910
4549993166
4772463318
4772463319
5529897028
5535138522
5535138529
5535138530
5535138531
1492607718
872833772
4549993198
5535138546
5535138550
1458561796
1492574988
3516900110
1492574990
3516900112
1492574993
3516900114
3516900115
3516900116
3516900117
3516900118
3516900120
1159455513
3516900122
3516900123
3516900121
1159176989
1159488285
4154368798
1159471906
1159471908
1159471913
1159488308
1159488324
1458570056
1458570057
1302807371
1457840980
1457840982
1457840983
1302807385
5436607843
1302807401
4548211600
5484553077
1302807417
5484553082
1159463802
1159463804
5484553085
5218132859
1302807423
5484553086
5218132871
4218012552
4218012554
4549993355
5484553099
672293777
1159496594
4218012567
1159496600
1159496605
4549993373
1159168931
1159168936
314622889
4549993385
1159136172
1159168940
314622896
1159136176
5436607860
5500904059
3562111924
314622903
4393239486
4549993409
4549993411
314622918
314622919
314622924
1159496654
314622931
4549993430
5602701330
5478294498
5478294499
5535319012
4294771686
4294771687
4294771688
5478294504
314622954
5478294507
314622956
337539093
314622958
5478294509
5478294512
314622961
3034393455
314622964
1493017589
4572365814
4572365815
314622970
5602701338
4724343814
4724343815
1159480328
3034393456
1159480331
1159480334
4218012692
1159513112
5602701343
2039563300
2039563301
2039563302
5535248927
5535248928
5602701349
1159947333
1159447628
2892088398
5535248934
1159447643
1159447644
1159447649
4219896930
1445528674
5218133093
1159447656
3680412780
1815741549
314623088
3680412785
1815741555
3680412792
1815741561
314623097
314623099
1815741564
1819305084
314623102
1815741566
2080646270
314623104
314623106
1815741571
1815741570
1815741573
1504232582
314623112
5040759944
314623117
1819305110
314623138
1819305123
314623148
2712421553
2712421554
1458578611
2712421555
2712421556
314623160
1819305154
5478294725
5478294726
5478294728
5478294731
5478294733
5478294735
5478294736
1819305169
5478294737
5478294745
5478294746
5478294747
2217714910
5478294750
5478294752
5478294753
2217714914
5478294754
5478294755
1819305189
2217714918
5478294759
5478294762
1159472366
1458947310
2217714926
5478294769
5478294767
1159472371
5478294771
5478294766
5141458204
1159144695
5478294779
5478294782
5478294783
5628750483
5478294786
2275370242
5478294790
5478294792
3445813123
5619295512
5619295513
5619295514
5478294808
5478294812
5628781853
3445777694
5628781855
3445777695
5478294810
5478294819
5478294820
1819305258
5628781867
5628781868
1819305264
1819305267
1159169335
1159169336
1819305271
3048498490
4393223481
5218133309
1819305278
2080646464
5218133312
872834372
1947583813
1947583814
5218133318
1819305291
432432462
2333189455
5478294868
3538781530
2917008731
1947583834
5218133341
1947583836
2917008732
3523298658
3523298659
1507386725
3523298662
3523298663
2677597544
3523298665
1947583845
1947583851
1947583849
3523298668
3523298664
3523298667
1159226736
4438025582
1947583861
5218133365
1947583862
1947583867
1819305341
2329077117
1819305343
432432515
432432519
1819305351
1819305354
432432523
432432524
5218133388
1819305356
432432527
1819305361
432432531
432432532
432432533
432432534
432432535
432432536
2039522711
2039522710
2039522713
432432540
1819305372
432432542
432432543
4772472222
432432545
432432546
3691210147
432432548
432432550
5529897031
2653570473
432432555
2653570475
432432557
432432558
432432560
432432561
5529897033
432432563
432432564
432432565
432432572
432432573
1459062204
432432574
1819305409
1457841605
1457841606
432432585
432432589
432432591
432432592
432432593
432432595
432432596
432432598
432432602
432432603
432432604
1819305436
1819305441
4550764002
432432611
2398037481
5514126827
432432620
5514126829
432432622
5514126831
5514126832
432432625
5514126830
5514126835
1819305456
5218133488
4449117681
1819305463
1964418552
432432632
1819305465
5514126843
1964418551
432432637
4449117687
4548142591
5218239994
5218239998
1819305474
1159144963
5218239997
5218240005
1458570758
1947584007
1458570760
1159144966
4548142597
1492633099
5218240008
4548142605
4548142607
5218240020
4550764057
2317059611
2317059615
1819305504
4550764070
4550018600
4550018602
4550018603
4550018614
4550018616
1947584056
671581756
4550018626
4550018628
1159226949
4550018629
4550018635
4550018643
1445463636
671581781
1445463639
4550018647
1445463641
4572407388
4550018655
5218133609
1492616811
1159497333
1469171331
4550018697
4550018702
5213253179
4550018716
4550018717
4550018720
4550018723
4550018724
4550018725
1159947942
1159939760
1469155000
2329085626
1469155005
2729395902
1469155007
4438083262
4438083261
5502355139
2729395909
1159939782
2729395912
4794975945
4550018770
4550018771
1159939796
3680077524
4794975964
4550018781
4550018782
4794975966
1956538080
5213253193
4447946461
4794975971
4550018780
4447946469
4794975965
4794975972
4447946474
4447946475
480012018
480012019
2041530098
2917213940
2917213941
2917213942
2041530108
5256947454
480012034
4701464324
4550018823
5256947475
4550018840
4550018852
1159169838
4550018867
4550018876
4550018881
3613960004
3613960005
3613960006
3613960014
3613960016
4550018898
3613960020
1459005270
1459005274
4550018912
4550018914
4550018921
4550018922
4550018923
4550018924
4550018925
5535138123
4550018927
4550018931
4550018932
1457858421
4550018952
1313998737
1159227282
5508368273
1313998740
4550018961
4549993088
4550018971
1313998748
4550018974
276563872
4550018980
1159481253
1159464872
1313998761
4550018984
1313998763
1313998770
4550018995
2500249525
2500249526
4550019000
2372052925
4102465470
4550019007
2500249535
4102465473
4102465474
2500249537
1313998789
4550019014
1956554700
4550019021
1313998800
1956554705
4550019031
5530208215
5530208216
1458751453
4550019045
1956538342
4794992619
3691268079
1457842162
4550019068
5257005054
4550019071
4550019072
5257005057
5257005058
4779165699
5257005059
5257005062
1159170055
4550019080
4550019081
1159145482
4779165706
4779165707
1159145485
4779165708
1458907151
4550019087
4550019089
4779165710
1964337171
4779165712
4779165711
4550019097
4779165722
4550019099
5488650269
672360478
672360483
4779165735
4779165736
4779165737
4779165739
5488650285
5488650286
4779165742
5488650288
1159227442
4719831092
5257005112
4896843834
4779165755
1159227452
672360506
4779165758
5529897021
4779165760
4779165762
5529897026
4779165764
5529897029
4779165766
4779165767
5529897032
4779165769
5529897034
2472036427
4779165771
2472036429
4779165773
672360527
4900292688
5529897039
4779165778
5529897040
1492371540
4779165781
1159227477
5529897047
5535434840
5535434837
4779165783
4779165787
5535434844
5529897053
4779165786
4779165791
5529897056
4779165789
4779165794
5535434842
4779165796
5529897060
5529897061
5535434854
672360552
672360553
4779165800
5529897064
672360556
5535434853
672360559
1504233588
2559969417
672360587
2399471758
2559969422
2041527433
3445794963
3445794964
2559969429
3445794965
3445794968
2559969433
3445794970
3445794971
3445794972
3445794973
2559969438
3081160862
2559969435
4748183722
1964394670
3071355055
3071355056
1964394673
3071355057
672360627
1159227572
4748183731
4748183730
3071355063
3071355064
4748183735
1159227581
2041522384
2559969494
1159497947
2559969500
2559969504
2559969507
2559969510
3582961906
2441160949
3582961910
2441160953
672360698
2852759807
2852759808
3582961924
672360710
1458972937
1458972938
1458972939
1458579724
1460291850
1460291855
1460291856
1507363091
1159137566
872835364
1159137575
1469155626
5488945451
2843289904
5488945457
5488945458
5488945459
1159227700
5488945460
2564229430
1159227704
2843289913
2912291130
2912291131
5508557116
3580184893
5508557118
3580184894
5488945472
5488945467
5488945466
5488945468
5488945474
1492609349
2843289926
5488945478
5488945479
2843289930
5488945483
2843289931
1469172045
5488945489
4989782355
2843289939
4989782356
1469172057
2843289947
2843289948
672360797
4989782374
1457834346
1457834347
2180630926
2180630928
1458981267
1458981269
2180630938
1469163940
1469163942
3087817463
3076737452
2217699757
1469163950
1469163951
3076737453
1159145919
3034040769
672360898
3034040770
4601260484
4601260485
4601260486
4601260487
5602519491
5602519498
5602519500
5602519501
2534025680
1469155801
1469155802
5310712301
5310712302
1159490040
1460292091
1458588156
4634806780
1458588160
5535434841
1159490053
5489142279
5489142283
1507338764
5489142285
1507338767
5535434845
3815508502
5489142299
1507355163
5535434850
5535434851
3034376760
432441915
432441916
3034376764
432441918
3034376766
3034376767
3736570433
432441922
3034376768
432441924
432441925
432441926
432441927
432441928
432441929
1159170633
432441931
1159170636
4794944071
4794944078
4794944074
432441930
3034376778
3034376780
4794944084
4794944088
4794944089
1457859162
3680078429
3691342430
5436607069
5436607071
1455131234
2852227691
3680078444
2852227693
1964427886
1964427885
2852227694
1492396659
4550568567
5628750457
5628750458
5628750461
3680078462
4550568575
5628750465
4550568578
4550568579
3680078467
3680078468
5488618118
4548258434
5514165383
4548258441
5628750473
5628750471
4548258444
5628750477
5628750476
5628750479
5628750480
1492396690
3562015379
1492396692
3562015381
1492396694
1313065623
4548258454
2728372887
3562015382
2728372891
3562015383
5628750490
5628750494
5628750489
5628750487
5628750500
5628750502
5628750504
5628750505
2653571754
2653571755
5514165390
4548209325
2653571759
4548209327
1313065650
4548209332
4548209334
4693674679
4548209336
5628750519
3541420733
3541420734
3541420737
1964305089
5529709251
5529709252
5529709253
5529709254
5529709255
3541420742
4548209353
5529709256
5529709257
5529709260
5529709258
5529709262
5529709259
5529709264
4548209362
5529709268
4548209365
3541371606
5529709271
3541371610
4548209371
3541371612
4548209373
4548209372
3541371613
4548209370
5529709281
5529709282
5529709275
4548209380
5529709284
1455098599
1455098600
5529709289
5529709290
5529709291
5529709292
5529709293
5529709294
5529709295
5529709288
5529709301
5529709302
5529709307
5529709308
3693431549
4219865854
5529709312
5529709315
5529709317
5529709319
1159465753
2907351834
2907351833
1159465756
5310712645
5310712648
1313065812
5530209121
5530209123
5530209125
3034393446
2217790313
2217790314
3034393451
2217790316
5529709421
5530209130
3034393450
5530209136
3034393457
1072704370
5529709427
5529709428
5530209141
5530209138
5530209137
3034393458
3034393462
3034393463
5530209139
5514341244
5529709434
5514341246
5529709439
5514341247
5514341248
5514341249
5529709440
5529709444
5530209157
5514341250
5529709445
5529709446
5514341257
5529709450
5529709451
5530209164
5529709453
5529709452
5514341263
5529709456
5530209160
5529709458
1313065875
1159482260
1313065877
5530209173
5529709463
5529709462
5529709459
5530209174
1445481371
5530209179
5530209175
5530209181
5530209183
5530209180
671591330
4437994406
5530209192
1301932970
1301932972
1301932975
5530209203
1301932980
1301932981
5530209206
5530209205
1301932985
5530209210
1301932988
5530209213
5530209212
5530209217
1301932996
5530209220
1301932999
1301933003
1301933005
1301933006
1301933007
1459915728
5588757457
5535208830
1301933011
1159138260
1159138261
1301933015
5588757465
1301933017
5588757467
4393216985
5588757469
1301933024
1159949281
5588757474
1301933028
5588757476
1301933030
1301933031
5588757479
1301933033
1313065965
5588757485
1301933039
1301933040
5588757486
1301933042
5588757489
5588757492
5588757493
1301933046
1469156341
5588757495
5588757498
671591420
671591422
276556799
5588757511
5588757512
5588757518
1313066001
1460300834
4505488419
3680455716
5530209327
5530209328
5530209330
5530209331
5530209332
5530209333
5530209334
5530209335
1159146549
5530209337
2315717687
276556859
2315717685
2315717689
5530209340
5530209343
2315717696
5530209344
2315717691
5530209347
2315717699
3390819397
3390819399
5530209352
5530209354
5530209355
5530209359
2041531471
1159941201
2360396882
2041531475
5530209360
1459047510
5530209366
1159941208
5530209370
5530209372
5530209373
5588758054
3436489823
3436489824
5530209377
5530209378
1459047523
5530209380
1159138407
1459047527
5530209385
2852228203
1159138412
5530209389
1159941230
1159138415
5530209390
5530209388
2852760690
3562099601
3562099600
1313066109
1460309118
4601261196
1459924111
1459924112
2360396949
432442524
4794993822
671591584
672287905
432442532
4393217190
432442534
1313066152
4296641706
4296641707
5283966124
1885342891
5283966126
1313066159
5283966127
1885342896
1885342898
1885342893
1885342900
1885342901
1885342902
5283966131
1885342904
1885342897
1885342907
1153895612
1153895611
1885342911
1159138496
1885342912
1159138498
4220546243
672287939
1885342917
1885342916
1885342919
432442560
432442562
432442571
1885342924
4220546253
432442576
4220546257
4220546259
432442580
4298656980
432442582
432442584
2315717850
4298656987
1455099101
672287965
4586532061
4586532063
432442593
5602512099
432442595
432442597
5602512101
432442600
4972899562
1987226861
1987226865
5588758060
432442612
4972899575
4972899578
4972899580
4972899582
1987226879
1458777346
4972899586
432442628
432442631
3523308808
3523308807
4972899594
432442635
3523308812
432442636
1987226891
1987226888
3523308816
5141458192
5141458193
5588758061
432442645
3523308822
5141458198
5141458200
4242369818
1159228699
3523308826
3523308829
5141458202
3523308831
3523308832
3523308833
5141458205
4242369820
4242369819
4242369821
5141458214
5141458211
5213252910
1159154995
5213252916
5213252919
1159155007
5588757827
3541404997
4637732167
5588757835
4693609803
4637732173
4693609804
5588757839
4693609806
4693609807
1159228754
4693609808
5436607828
5436607829
1445522773
1445522775
4693609812
1445522777
5436607834
5436607833
4693609813
5436607837
5436607838
5436607839
4693609818
5436607841
4693609819
4693609827
5422574947
5436607845
4693609829
5588757863
5436607846
5588757865
4693609828
5588757867
5588757866
5588757868
5436607851
5422574959
5588757870
5422574961
5436607858
2823785843
2823785844
5436607859
5436607862
5436607863
5436607864
2823785849
2823785847
2823785851
2823785848
2823785850
5588757883
2823785856
2823785859
4693609859
2823785861
5588757892
5588757895
5588757898
5588757899
318090636
1457868175
5588757903
5588757905
5588757906
5588757908
5588757909
5588757910
5588757911
4693609876
4693609881
5588757912
2081197470
1500638622
5507313056
5507313057
2081197474
5507313054
2081197476
5507313059
1455107494
2309311911
2081197481
1159450026
1500638635
2081197484
1500638639
1159228848
2081197489
2081197487
2133183923
2081197492
2082811321
2133183929
1492389307
1492389309
1500638653
2082811327
1492389322
1492389323
4693609931
3089075663
3089075664
1159450070
2309311958
2907352539
4548259350
2309311970
4548259299
4548259351
4693609957
4548259303
4693609959
4548259352
1500638700
1500638702
1458998773
1458998774
2118995447
2118995449
1500638714
4693609979
1458998780
1312615933
4693609981
1458998783
4548259328
1312615937
4548259330
4693609978
4693609988
4693609980
1312615942
5213253127
1312615944
4548259357
5213237274
4548259333
5213253123
1312615950
1159155214
432442895
4548259344
432442896
432442897
4693610004
1312615956
432442899
1455132183
432442900
432442902
432442903
432442905
4548259349
1159155221
1459023389
1159474712
432442912
1159474715
432442913
1459023394
432442916
1459023393
5213253157
4548259362
1312615976
5588758055
5588758052
1159155243
5588758053
1457843757
432442926
1159155247
4548259376
5213253168
5213253169
1159171635
432442932
432442933
432442934
4548259378
4548259375
1312615993
432442938
432442939
1312615996
1457843773
432442941
432442940
432442942
432442943
432442944
432442945
432442946
5213253182
432442950
432442951
5213253192
5213253185
432442954
432442955
1457843788
432442957
432442958
5213253199
5213253197
5213253200
441265746
1312616016
4548259373
1457843797
1457843799
4637576793
432442971
2472046174
5213253214
1305816672
5213253218
432442979
1305816676
432442981
4693610086
1305816679
1305816680
4582821479
1305816684
4582821486
4693610094
4582821488
2717970033
2717970034
2717970035
1459916404
2717970036
1305816694
4701400695
4693610102
1305816697
4693610103
4693610109
672362109
1305816705
4548259383
1305816710
1305816712
672362123
1305816715
2119028364
4693610126
4701400716
4693610128
1305816720
4701400722
4701400723
1457843770
4701400725
4701400719
1458687639
4701400720
4548259386
1305816731
4693610140
1305816733
1492405916
1305816735
2131996317
4693610142
4548259490
4693610147
4693610149
1305816742
5314457254
4693610151
1305816745
4693610154
1492405931
4693610156
1492405933
4548259501
4693610159
1305816752
1492405937
4548259506
4693610162
4693610157
4548259509
1159155382
1305816759
1159155384
2651655862
4548259514
4693610165
4693610168
1492586173
4693610174
1492586175
4693610170
2534035138
4548259524
2651655877
5213253321
2041532105
4548259532
4548259534
4548259535
4548259536
4548259538
5336411861
5336411862
4915834581
4550569689
4548259556
5488619239
4548259568
1457852151
1457852152
3496259320
3496259319
529952509
2709032705
4548259586
2709032707
1159155460
2709032709
2709032708
3541389063
4548259588
4548259587
3633008394
3541389060
3541389069
4548259598
3541389071
3633008400
3541389073
5488619280
3541389072
3633008402
4548259597
4548259606
671600406
3633008409
4548259609
1159139099
1159139100
4548259612
4548259614
1159139101
671600414
3633008416
3633008411
2868588323
3633008415
2868588325
4548259621
3633008414
671600418
4548259625
2868588324
529952557
2333175598
4548259632
1159941938
1159941942
671600440
4220530489
4220530490
2131996475
2131996474
1459056445
4548259651
1459056452
4548259655
4548259659
3579522897
4548259667
4548259670
2133184343
2133184344
2472030038
2472030042
2472030043
2472030044
4548259677
2472030045
2472030047
2472030048
1458999137
2472030049
2472030046
3316576100
4548259685
5488926535
2039517042
2039517044
3445813112
3445813113
3445813114
5613121401
4903112572
4906971006
4906971007
3445813118
3445813121
3445813119
4903112577
4903112580
4903112581
3445813126
4903112578
3445813128
4903112584
3445813130
3445813122
3445813124
3445813127
4772463264
1947168661
2366951323
2366951325
2366951326
2366951327
1159131046
2439237551
1445523376
1492619187
4782067637
4782067638
1492619195
4782067643
3761409982
3761409983
3761409984
4550700992
337539008
4782067651
628641734
4782067655
4782067656
628641738
4782067658
628641742
5508558798
4782067663
318083025
5508558801
4572409811
4782067665
5508558799
1159491545
1159516131
1159516133
2677723113
4585443311
1159491568
1159516147
4585443316
4585443315
4585443318
5613121526
628641785
5588757840
5613121535
5588757841
5602701317
4572409866
1159139339
5459472396
5459472397
5459472398
5459472399
1159155728
1159155729
5459472400
5459472401
5459472402
5602701333
5602701334
5602701335
1159155733
5602701337
5602701336
4572409877
5459472411
5213237277
2785841182
4585517087
2785841183
5213237281
2333184029
5602701344
2558636068
5257056293
5602701348
5213237287
2785841184
2558636073
5213237290
5459472418
5213237284
5257056295
5257056298
5588757849
5213237296
5602701361
5535208833
5588757851
5213237300
5602701364
5213237301
5213237302
5602701367
5613121588
5613121595
5613121596
5613121597
5613121599
5602701376
5602701377
5602701378
5613121600
5588757854
5213237318
5602701382
5602701384
5602701383
5602701386
5613121613
5602701390
5602701393
5602701394
5602701395
5602701396
1159516248
2328776795
2328776796
337539164
5451165788
5602701408
2328776803
337539180
1159229567
1159229568
1159229570
1159229571
4550701195
1159516301
1159516304
337539216
1458565268
1159516309
2838556820
4572410012
803147935
803147944
5588757875
4572410029
1459065008
5588757876
1459065012
4295766196
5588757877
337539262
5613121728
5613121729
1459065026
1459065027
5544243403
5613121742
4572410064
432432621
5544243409
1159475412
5613121748
2847764707
5002301679
5002301680
4548317428
5002301690
5002301692
5002301693
1492619520
3680400047
5002301701
5002301702
5002301703
5002301704
5002301705
5002301707
1159942424
5530491916
4219908382
5530491918
2334060843
3445813549
3445813550
3445813551
3445813552
3445813553
1507266871
4549759291
4549759292
4549759293
4549759294
4549759295
4549759296
1159131458
1159131461
4549759306
4549759318
2329063773
4549759331
5618782565
4217844070
4549759333
4217844077
5447446909
4572410239
2981056896
1469157760
4549759364
4549759367
1460310679
4549759369
1159229835
1159229836
1159229837
2981056910
4572410255
2997203344
2997203345
1159156114
2997203347
1159156115
2981056908
2997203346
2259833248
2907361697
2907361696
2907361699
4572410288
3445748151
2956775867
2956775868
2956775869
5628752323
2956775875
2039550405
5211337156
5628752327
5628752329
5628752333
2039550414
2039550415
1445523920
1964388817
2039550418
2039550419
2039550420
5628752334
5628752342
2039550423
5628752338
2039550426
1159483868
1458909662
5628752351
5628752352
5628752354
5628752355
5628752358
5628752361
1159483883
5628752365
5628752367
1159483888
3562086855
3562099186
5628752371
4548211190
3562099191
3562099192
5628752377
5628752378
4548211192
5628752374
4548211199
1445515777
1445515778
4548211201
5628752388
4548211206
4548211208
1445515786
4548211210
1445515788
4548211216
5628752402
4585624085
4548211222
4585624086
1492374043
1159172636
5535248925
5535248926
5628752415
5628752416
4548211231
5459472930
5459472931
5459472932
5459472933
5459472934
2211353126
5628752424
4548211241
2380755498
5535248937
5535248933
5535248935
4548211238
3614069295
5535248943
4548211249
4548211243
4548211251
5535248940
3614069301
4548211254
4548211255
5535248952
5535248953
4548211258
4548211257
4548211260
4548211261
5535248957
5535248956
4548211259
5535248961
5535248962
5628752451
2981056907
4548211269
4548211268
5535248959
5535248964
5535248963
4548211274
4548211275
4548211276
5535248966
5628752457
5628752458
5628752464
4548211281
4548211283
4548211290
4548211291
5628752475
5628752477
5628752474
5628752476
5628752480
5628752481
5628752485
4548211304
5628752488
5628752492
1159139949
4548211309
4548211308
3633001072
5628752496
2908410482
4548211312
3633001073
5628752493
3633001078
4548211319
5628752504
5628752497
5628752506
4548211323
4548211324
1159950973
1311904382
1159230079
1159230080
4548211326
4548211322
1311904387
4548211332
1159950981
4548211339
4548211342
1311904399
276558480
4548211344
4548211346
1159475863
1311904408
4548211353
1311904409
4548211351
1159230108
4548211357
1958204061
4548211359
1458786968
276558491
4548211362
4548211364
4548211367
4548211369
1311904426
4548211370
1159131822
1311904431
1159131824
1159131825
3680400046
1458786995
1469166259
1492390579
4548211381
1311904439
4548211379
1958204086
4548211384
4548211387
4151571132
4548211392
4548211398
1311904456
1311904458
4548317899
4548317900
4548317901
1311904462
1159131855
4548211408
4548211407
4548211406
4548211405
4548211410
1159131856
1159131854
4548211415
1311904476
4548211421
276558558
4548211423
1311904478
4548211425
4548211424
4548211429
4548211437
4548211441
4548211443
4548211447
4548259610
4548211453
2119004926
4548211454
1861145344
4548259611
1861145350
276558599
2119004935
5141468689
4548211466
4548211467
4548211469
1159131919
1861145360
4548211472
4548211473
1492620056
4548211481
1492620059
4548211484
4548211485
4548211483
4548211488
1459057462
1459057463
1459057464
1958204223
5530492025
1159148358
1958204231
5530492026
1159148361
1159131978
1159451475
4548318036
1958204248
5529817945
5529817947
1964323678
5529817950
5529817953
5529817954
5529817955
5529817956
4548318053
5529817957
5529817959
5529817960
1958204265
5530492033
5529817962
5530492032
5529817965
5529817967
337539952
1159451504
4548318064
5529817968
5529817973
4548318070
5529817978
5529817983
5484811136
5529817985
4548318082
4880298883
2569540484
5529817989
4548211590
5529817987
5529817992
5529817993
3562099594
3562099593
5529817996
5529817997
3562099596
3562099597
5529818000
3562099599
3562099602
5529818002
3562099598
5530492041
4548211606
5529818006
5530492042
4548211609
1159517082
4548211607
4548211612
1159517085
1958204318
5530492043
2456925088
4548211614
4548211618
5530492044
5529818014
1296102309
3516896166
3516896165
2456925096
3516896169
4548211626
4548211627
5530492046
4548211631
4548211633
2456925106
1458910132
1458910133
4548211638
1958204341
2456925108
2456925113
4548211639
4548211641
1958204348
4548211642
4992013246
4548211646
4548211651
5530492051
4548211655
4548211657
4992013258
5530492052
4548211661
4548211662
4548211663
5530492053
4548211665
4548318161
4548318165
4548211671
3034330074
4548211676
3034330076
4548211678
3034330079
3034330077
3034330081
4992013276
3034330083
3034330084
3034330085
4992013284
2333193192
3034330089
5141468734
5628750470
2910352375
1159173116
1159173118
1159173119
5529818122
5529818123
1159148556
5529818125
5447431182
5447431183
5447431184
1159148557
5529818126
5529818133
5529818134
2852754455
5488366616
5488366619
5488366620
5529818141
5529818139
5529818144
5529818149
5529818150
5530326056
5529818154
1458705451
5530326059
5530326060
5529818155
5529818159
5529818160
5529818161
5529818158
5529818156
5529818157
5530326069
5529818163
5213238327
5530326072
1159132217
4548259673
5529818171
5530326075
5529818172
5529818168
1458590783
5529818176
5529818169
5529818178
5529818179
4782097008
5529818181
5628750485
5529818183
5530492077
5529818187
5529818188
5530326094
5213238351
5213238352
4294775889
5530326098
5529818195
5529818196
5530492079
5529817995
5529818199
1159230552
5529818194
5529818202
1159230555
5529818203
5529818201
1159230558
5529818207
5529818208
1964471393
5529818210
5529817998
5530209162
5213238373
5213238375
5529818215
5529817999
5529818218
5529818219
5530492084
5529818221
5529818224
5529818001
5529818228
4548318325
5529818229
5529818231
5529818232
5529818233
4967265403
4967265404
4437947517
4437947518
5213238399
4967265408
4437947520
5529818242
4437947519
1159156868
5529818245
5213238401
4967265407
5529818240
5529818249
5529818005
5529818250
5529818246
5529818253
5213238414
5529818255
5213238415
5529818257
5529818258
5529818252
5529818261
5529818008
5529818263
5529818264
5529818267
5529818268
5529818269
5213238430
5529818271
5529818270
5213238433
5213238434
5213238436
5529818278
5529818279
5529818280
5529818012
5213238442
314635435
5213238444
314635437
1072698542
5213238443
5529818013
5529818282
5529818290
5529818295
5529818296
5213238455
314635450
5213238458
5213238456
5529818004
5529818302
5529818016
314635456
5529818304
963638465
5529818017
5529818306
314635462
5213238471
5529818018
314635465
5530492103
3033986251
5529818019
5213238478
1460311247
5213238479
314635476
2722829526
4548318423
4772476118
1492399321
1492399323
3033986268
5213238494
4548318430
5213238496
314635488
314635491
3523294436
1159173347
1159173348
5213238503
3523294438
3523294441
5213238504
3523294443
4268266732
314635503
1159173359
5213238513
5213238512
2441172212
5213238519
5514485046
5213238523
1458992380
1458992381
3033986301
1458992383
1458992384
5213238528
4903105794
3033986306
3033986305
5213238526
5213238532
5213238535
4903105800
4903105801
4903105802
4903105799
4903105804
2722829582
4548318480
4903105808
5213238546
4903105811
5213238547
4903105809
3033986326
5213238549
3033986328
4548318489
5213238557
5514485054
5500904041
5213238565
5500904042
5500904043
432452908
432452909
2080650542
2560005422
432452910
5213238579
2560005428
5213238581
2560005433
2560005438
5213238594
2847176002
1457870148
1445516613
1445516614
5213238599
5213238598
5213238595
5213238596
5213238604
5213238605
1388442962
1388442963
5500904051
5213238616
5213238617
3780408667
4586722653
3780408672
3780408673
5500904054
5500904056
5535208823
5213237279
432452986
432452987
5315745146
432452989
5535208827
2315717688
1159148928
1159148929
5535208834
432452995
5535208835
4414330243
432452998
2560005511
4414330240
5535208841
4414330244
1445475725
1445475726
1445475727
432453008
2560005517
1457862034
5535192462
432453013
2560005526
5500904064
5535192469
5535192470
5500904065
5535192475
2560005532
2560005533
5535192476
5500904066
432453024
4902294945
5535192477
5535192482
1457862052
5535192478
5535192486
1159148967
5535192479
5535192484
5535192490
5535192487
5535192488
5535192496
5535192497
5500904070
5535192501
5535192502
2653287868
2653287869
5500904072
5530326073
5535192519
5535192520
5213238731
5213238732
5213238734
5141468625
1159149010
5500904076
5141468630
5500904077
1459910105
5500904079
5141468645
5141468646
5141468648
5141468649
5141468651
5141468652
5141468653
5141468655
5500904082
5141468657
5141468658
5141468663
5141468664
5141468665
5141468666
2217768445
5141468670
5141468671
2217768450
1458959874
5488540984
5451167237
5141468677
5141468679
5141468681
5141468682
5141468685
5141468688
2366952977
4799100434
3633018387
3633018388
5141468691
4799100438
3633018391
4799100440
4799100436
4799100435
4799100437
4799100439
5141468694
5141468696
5488540989
5488540990
4217837089
4217837090
4217837101
4102485553
4102485554
5141468721
5141468724
5141468727
5141468728
5141468730
1159157306
4217837114
4217837115
1458550334
5141468731
1159149120
1159149121
5141468738
4693647117
4549759371
4217837125
1159149125
5141468737
5141468744
5141468741
1459000906
1459000907
5141468740
5141468747
1459000910
5141468745
5141468753
1159452242
1192818260
4217837143
5141468759
1192818265
1159452250
5141468762
5141468763
5141468760
1192818270
5141468766
5141468768
5141468769
4217837156
5141468773
5141468775
5141468776
5141468778
5141468779
5500904107
5141468783
5141468785
4217837169
5141468786
4217837172
5500904108
5141468792
5141468795
4154127996
2907362943
5141468799
5141468803
1459050116
4394309254
4394309256
4585469576
4585469582
803149456
1159173779
1159173784
1159173786
3742070429
803149470
3742070431
803149473
803149474
3742070435
3742070439
4217837223
441259690
3742070442
3742070444
3742070445
3742070443
3742070447
4217837238
3742070455
3742070454
3742070457
3742070458
3742070456
3742070460
3742070461
5283966122
3614062279
1295783630
1295783633
1459025620
1295783638
5283966128
1492416219
3614070493
3614070495
1459025632
3614070497
1492416226
1492416227
3614070500
3614070498
3614070501
3614070503
1492416235
1459025654
1459025656
1295783673
2709067531
1459025676
5514483469
5514483476
5514483486
1159149344
1159149345
1445484321
1445484323
5514483492
1159149349
1159149348
1445484327
1445484328
5514483496
5514483493
5514483497
1492604717
5514483502
1159149361
1492604722
5514483505
5514483509
5514483510
3614062391
3614062392
5514483511
5514483514
5514483515
5514483516
5514483513
5514483518
5514483519
5514483520
5514483517
1964578647
1492645720
5535192922
5535192923
5535192924
5535192925
5535192926
5535192927
5535192928
5535192929
2366953316
5535192936
2313566057
5535192938
5535192941
5535192944
5535192945
5535192950
1492399992
1159141240
1159941176
5535192955
5535192956
1492399999
1457870720
1457870721
5535192959
5535192962
5535192968
1492596625
1458575267
1458575268
1159149478
1159149479
1458575270
3925309351
5529818164
5529818165
1458755501
1159231408
803149746
1159231411
1159231413
1492367286
5529818167
1159231421
803149763
5529818170
2041337799
1159174087
2041337801
2366953418
1159174088
2471851981
1159157712
803149778
1507358678
803149786
1290303454
5459472403
5459472404
1290303466
5459472405
3562117102
1492588526
2915973103
2915973105
2915973106
2915973107
3028924409
3028924410
5459472409
3028924416
3028924418
3028924419
5459472410
3028924421
1457829894
3028924422
3028924424
4582782984
3089029125
3089029133
3089029134
5530490898
3089029139
1492613140
3089029141
3633018900
3633018903
3633018901
5530490905
5530490906
5459472414
5530490908
5530490900
1492613150
3633018910
5530490914
5459472417
5529818190
4242372662
5154977850
5154977851
2160900160
4874328134
1156126791
1156126792
1156126793
1156126794
1156126795
1156126796
1156126797
1156126798
2717964376
1492605032
2041337968
672282737
2041337970
1156126835
1156126836
2041337974
2823813240
1457813627
1156126844
2041337982
3724269696
1156126849
5483960452
5483960454
1156126856
1156126861
1493014671
1156126864
4550768786
1156126866
672282776
1156126879
1156126880
672282785
3203414178
1156126882
3203414180
3203414179
1339701414
3203414181
1156126883
1339701419
4225497262
4225497264
4225497267
1445517492
4225497272
5332662462
672282824
672282827
672282847
5488539885
5488539886
5488539890
5488539893
5488539898
5354813690
5488539900
5354813692
4693609809
4242372865
4242372867
5488539908
4693609810
5488539910
5529818235
1500780816
4679096596
1500780820
5529818237
1458911516
1459067165
1459067169
672405808
1458985269
963549497
432429372
432429373
432429376
672405830
432429383
432429386
1425996106
1159231823
2908412242
432429395
1159231828
2908412246
5502368087
5502368088
2847758682
5502368091
5502368092
5502368090
5502368094
5502368096
432429409
432429412
432429413
5484804454
432429414
432429416
5484804457
432429420
432429421
432429422
432429423
2712426863
432429425
432429426
5628795247
432429428
432429427
5484804465
1159477623
5484804472
5484804470
1159477627
5484804475
1159477630
1159174527
2327779711
1159174531
1159477636
2259835274
5484804491
1159518606
5484804503
2259835288
5484804505
5484804506
5484804507
5484804508
5484804509
5484804511
5484804513
1956501938
1987271094
1947138487
1987271096
1947138494
1947138496
4550769092
2843294151
2843294153
4550769105
1492343256
1458584025
4550769121
4393204193
2080643555
4550769124
4393204195
4550769123
4230593005
4550769148
4230593027
4550769155
4230593034
4971919883
1159445004
4230593038
1159445008
1459018259
4230593043
479902229
4967265405
479902231
3176012311
5529818015
1459018266
4295768604
479902236
4230593062
479902248
1492613673
3979164207
479902256
479902260
1492408885
1492408886
4242373176
3979164218
2329066042
5628752418
479902270
2843294274
3979164227
3979164228
1492613701
2843294275
3979164230
5628752420
3979164235
1156119116
5628752422
5628752425
1964325479
1156119151
1445526137
672406138
2709174916
2709174917
1159232134
2709174919
2709174918
4572363403
4572363406
2908404375
4550769309
4550769314
3034376772
1458911918
1458911919
3034376774
4550769332
3034376775
4550769335
672406202
4550769368
1457814237
4550769377
1455094498
1457814243
1460296424
1455094508
1457855216
3087817457
3087817458
3087817459
3087817461
3087817462
4550769398
3087817464
1455094521
1455094522
4978440955
3087817468
1455094525
3087817470
3087817466
4978440954
4978440956
4978440957
3087817473
3087817474
4978440960
672406288
4550769439
672406316
4978441006
4978441007
4978441013
2329115963
4550769468
3680361285
1159461706
1159461708
2309315410
1504230228
5436627800
5436627801
1964309339
5436627804
1459059550
1459059553
1504230242
2908601185
5436627812
2908601186
441187183
5530209133
441187199
671587213
1159486350
2631867278
2631867279
2631867280
1159486355
441187223
2039528344
5529709274
2039528346
441187228
2039528348
4794944066
2327780255
5100157859
5100157860
1159486373
671587238
5100157863
5100157864
441187240
4794944069
5100157871
5100157872
1460304817
5100157874
5100157876
5530491831
2726869945
5530491837
5530491838
5530491839
4550769600
5530491841
5530491842
671587267
4550769604
4550769605
5530491845
5530491848
5530491849
4550769610
3579517899
1455111116
3579517898
1455111118
3579517902
3579517900
3579517903
4550769621
671587287
5530491865
5530491867
432442952
5530491871
5530491872
432442953
3681180642
3681180644
1159224292
5530491877
5530209154
4550769646
671587313
4550769658
5530491899
5628752507
1455111165
5628752508
5530491906
1455111174
4550769670
4550769672
5530209161
5530491915
2039561228
5530491917
2039561229
2039561230
2039561232
2039561233
2843286546
2843286545
2843286547
2039561237
2039561238
2843286549
2039561240
2843286551
4550769683
2039561243
2039561244
2039561245
2843286556
2039561247
4572409887
1159175201
2843286568
3562028073
4693646377
3562028075
2843286575
3562028080
2843286579
2843286580
4548258451
3562028087
2843286584
441187385
1159502905
2843286585
3562028089
4548258452
4548211233
5530209171
1159502913
1159502916
441187401
1159502924
441187404
441187409
338246744
2041527384
2041527387
2041527388
2041527389
5382831200
5382831201
1492597858
2041527395
1492597859
2041527397
2041527398
2041527399
1159519336
2041527400
2041527405
2041527407
441187441
2041527412
441187448
2041527417
2041527416
5530492024
1159519356
1916386436
803150974
5530492031
2041527424
4242373753
2041527426
4550769795
2041527427
1916386437
5514165382
5530492035
5530492040
4230839433
1916386440
2041527435
5514165388
4230839437
5530492045
5530492047
5530492048
1159232653
5530492050
5514165391
2041527437
2041527436
5514165389
5514165399
1916386456
441187481
5514165402
5530492059
5530492055
5530492054
5530492062
5273689246
5273689247
5530492058
5530492060
441187491
5530492067
2041527461
2041527462
1916386446
5530492076
2041527469
1492368558
2276187310
1492368560
1314184368
1314184370
2276187313
2041527475
2041527471
1916386486
1916386448
1314184376
1916386489
1916386490
1492368570
1492368572
5530492093
5530492091
1916386495
5530492092
4550769857
4700724418
5530492099
5530492100
5530492098
1916386502
2651675847
5530492104
1916386505
5530492106
1916386506
2651675850
1916386509
5530492110
5530492111
1916386511
671591599
5530492105
1459051731
5530492109
1916386515
1916386518
4693610005
1916386527
1916386528
1916386533
1916386541
1916386543
1159453941
1916386551
1916386553
1916386555
1159478530
1916386562
1159945476
5488540932
1916386566
1469168903
5488540935
1159478537
1159945481
1159945480
5488540937
1159945485
441187597
5488540936
1159945489
1159453969
5488540946
1916386580
1916386581
5488540948
1159175447
5488540951
1159453978
1956502810
5514485021
5514485022
5530490899
5514485024
5514485026
5488540963
5488540965
5514485032
5514485034
5488540971
5514485037
4118527278
5514485039
4118527280
3562110256
5514485042
5488540979
5514485041
5514485045
3562110262
5514485047
5514485048
3562110259
3562110257
5488540987
3562110268
5514485053
3562110269
3562110271
5488540986
3562110266
3562110274
3562110275
4118527300
3562110277
4118527295
2329115975
5488540994
3562110283
3562110284
1964580173
1964580174
5488541006
5488541012
5535243609
5488541018
2041314652
5535243612
5535243615
5535243616
5535243617
4118527330
1159445859
5535243618
2041314661
2329116004
5535243620
1159445864
1458937192
1159445866
2823798122
1159445869
4118527343
4118527347
1492647285
4118527356
4118527358
5489098126
5489098127
2441174420
5489098133
5489098134
5489098135
3943038361
3943038365
504315294
5489098143
3943038368
5489098145
5489098142
3943038369
5489098148
3943038370
5489098151
504315305
4550770089
4550770090
504315308
5489098156
4550770092
504315317
672349622
3250470326
872832450
504315331
504315332
672349637
5488541125
5489098181
4550770118
5489098182
5489098187
5488541132
1916386504
441187792
3562110254
3680099794
3680099795
5489098196
2653330901
2653330902
2653330903
5489098198
5488541141
2653330906
5489098202
1492614623
5612731872
1492614624
1458560482
1492614626
5488541155
5489098207
5218239984
3562110258
5488541160
1159224808
5489098218
5489098219
5488541164
5218239987
1457815029
5488541175
1459023387
504315393
1964301825
5573320194
504315403
5261581863
2214043177
5218239999
2214043180
2214043181
2214043188
2214043190
2214043192
1888009787
2564226620
2564226624
2564226625
2564226626
2564226627
2564226631
2564226632
2564226633
2564226634
2564226637
2564226638
2564226639
2564226640
504315473
2039529042
504315475
2039529043
2564226641
2564226648
1159511641
2564226653
2564226656
1460305516
5529709425
1445535378
1445535379
1455005333
1455005339
1159462565
1159462571
1159134903
5529709433
4987535034
4987535035
1159134910
672349887
5581594303
5529709435
2817580742
4585553612
5488926412
1159134924
1159134927
2211339987
1159134936
1159134952
4449117682
838319857
838319859
4693647093
1459928823
4693647097
838319867
3436486397
3436486399
3436486400
4693647105
838319874
3436486403
3436486404
4693647107
3436486406
4877246214
3436486408
3436486411
3436486412
3436486413
3436486414
838319887
1459011344
1460346639
838319890
838319891
3436486420
3436486421
3436486419
3436486424
4592713498
4592713499
838319910
2908413737
1459011370
2908413738
2908413739
1459011374
1469169455
3031031600
4505485114
4505485116
4505485117
4505485118
4505485121
4505485122
5488926532
4505485125
5488926534
4505485126
4505485128
4505485129
4505485130
4505485131
1159946060
4505485133
2333187912
4505485134
1159454544
4505485132
1492598619
3158040415
3158040418
2344329063
3158040423
2784763755
2784763756
2344329070
1458749296
2344329072
2344329074
2344329082
2330197895
1445519247
1445519248
1445519250
3538911123
3538911124
3562004394
3562004398
3562004400
1388412848
1388412850
1388412851
3562004404
1388412852
1388412853
3538771900
3562004416
3562004417
3538771906
3538771907
1885342892
3562004421
4693610153
1458995148
4693610155
3632996309
1507327959
4548141015
4548141018
1492639709
1964326877
4548141021
4548141024
4548141026
4548141029
4548141048
4548141050
4548141051
4548141054
